HELIX. 435

6466646 (0664666) 4. Adam 66 1664. 06466 4661. 11 p. 44. -1666616,

646666 16664. 64 1466664 1611 4666. 4666. 4844, - 166. 4666.

roman-affl 666618 6666. 466. 666. 6. 666 (66666. romum
66 .. —· 6646.

6616666466 116666. ibid. 14666 11. 4864 (affinis 11. 6664466666 464). -
Alget-ia.

1461664166· 146666. 14611. noum, 1111614666. VI. 1111. 4866. - (161116.

6464666146 (466646) 4441666666 1664. 06466. 4661. 11. p. 44 (611616 11. 166-
6116644 141444). - luponio.

6666666 mappa· 44666466 4864. p. 484.

14664 (2661466) 16666. 1611. 6666.. mig. 1666. v1. vu. 4446. - Hispani..

6466416 (2664466) 16666. 16166. 41666. 14666. 1. 4864. - 4136616.

4666411661146666. ibid. Fasc. 11. 4864, - 4166616,

pm 116666. ibid. 14666. 111. 4868. - 4186616.

6664666 (2664166) 146666. ibid. 46661. 4864. - 4166616.

6664Ψ664664616666. 16166. 1166468446 4864 (6111616 fl. 1666666666 Bm).
- (161146.

6441646 1166661616. 4864 (6111616 11. 6664666466). - 4161116.

6666664616 116666. 16166. Mser. 1466611 4864. ·- 4136616.

6646664666 116666. ibid. 14666. 114. 4868. - 4466616

1466664 166666 (116116) 414. 116116. ed. 1664, p. 84. - 146161.

66664466 (466646) 4. 46666 66 1664. 06466. Ζ661. 11. p. 46. - 1666616.

6646646646 4 466666 66 1664. 06466. 4661. 1. p. 44 (6141616 11. 64146666
Plu). - 1666616.

4466646666 114666 16 16666 Amet. journ. conch. 4846. -14664-(1114666.

666466664666 4 446666 66 1664. 416466. Ζ661. 11 p. 44 (affinis 11.]666-
64666 1116, 6641 6666466461. - 1666616.

&mmmm 16 1416146 4466661. p. 76. (synon. 1. 6444416 146416. 1466.
146. 486. - 11. 64146646 1664. 116466. 4864, 444.) (1661144466.
4666161114. p. 447.

6646161466 (1664466) 146666. 146166146646366 4444 (6114616 1. 64614666). -
661416.

66661664616(4661466)146666. 16166. Alget. 1466614. 4468. -416646

Tmeirana 16661. 64 1166664 1611. 4666. 4666. 4864. - 166. 4666.

46666646 4. 466666 66 1664. 06466. 2661. 11. p. 44. -1666616,

1666466114 14661. Sh. 64 connect. p. 44; 8444461666. 48. p. &so-asban
66764646641661 11466. 1666. 1611. Ν. p. 446.)

6666664466 16661. 61 1166644 14611. 4666. 4666. 4864. - 166. 4666.

474664644666146666. 41611. 4666. 641166. subm 4864.

0666166 666666 446666 16 466. and Mag. 6. h. 4846. p. ⁵³:ng
Guppya 16664 in 16666. conch. XV. 4884. p. 488.

Species 6666. (viae 1v. ρ. au.)

16111

46466164 14616 16 166660666161. 666ὸί4466146 116614, 666 = 416466
p. 614. M. 7. 8. 4.. (11646466 16 16666. conob. X.
1666666411164. ibid. p. 64. 4. 4. p. 476.)
14-6. Dammana 066666 1616666. conch.
0464661464116666416666. 1666416 11684, 46147. 4. 4.4.
1166466166 4846. 116666461666 cmm ibid. p. 46.
0646696661 1464. 1166166166 4888 = 464. 4. 4. 4. 6. 6.

28·

 

